<!DOCTYPE html>
<!-- saved from url=(0088)https://meme-suite.org/meme/opal-jobs/appTOMTOM_5.5.917815345372842036053992/tomtom.html -->
<html><head><meta http-equiv="Content-Type" content="text/html; charset=UTF-8">
    
    <title>Tomtom Results</title>
    <script>
      // @JSON_VAR data
      var data = {
        "program": "Tomtom",
        "version": "5.5.9",
        "release": "Fri Nov 21 15:33:51 2025 -0800",
        "cmd": [
          "tomtom", "-no-ssc", "-oc", ".", "-verbosity", "1", "-min-overlap",
          "5", "-dist", "pearson", "-evalue", "-thresh", "10.0",
          "shallow_cnn_filters.meme",
          "db/JASPAR/JASPAR2026_CORE_vertebrates_non-redundant.meme",
          "db/EUKARYOTE/jolma2013.meme", "db/MOUSE/uniprobe_mouse.meme"
        ],
        "options": {
          "strands": "both",
          "distance_measure": "pearson",
          "threshold_type": "evalue",
          "threshold_value": 10,
          "background_source": "--query--"
        },
        "alphabet": {
          "name": "DNA",
          "like": "dna",
          "ncore": 4,
          "symbols": [
            {
              "symbol": "A",
              "name": "Adenine",
              "colour": "CC0000",
              "complement": "T"
            }, {
              "symbol": "C",
              "name": "Cytosine",
              "colour": "0000CC",
              "complement": "G"
            }, {
              "symbol": "G",
              "name": "Guanine",
              "colour": "FFB300",
              "complement": "C"
            }, {
              "symbol": "T",
              "aliases": "U",
              "name": "Thymine",
              "colour": "008000",
              "complement": "A"
            }, {
              "symbol": "N",
              "aliases": "X.",
              "name": "Any base",
              "equals": "ACGT"
            }, {
              "symbol": "V",
              "name": "Not T",
              "equals": "ACG"
            }, {
              "symbol": "H",
              "name": "Not G",
              "equals": "ACT"
            }, {
              "symbol": "D",
              "name": "Not C",
              "equals": "AGT"
            }, {
              "symbol": "B",
              "name": "Not A",
              "equals": "CGT"
            }, {
              "symbol": "M",
              "name": "Amino",
              "equals": "AC"
            }, {
              "symbol": "R",
              "name": "Purine",
              "equals": "AG"
            }, {
              "symbol": "W",
              "name": "Weak",
              "equals": "AT"
            }, {
              "symbol": "S",
              "name": "Strong",
              "equals": "CG"
            }, {
              "symbol": "Y",
              "name": "Pyrimidine",
              "equals": "CT"
            }, {
              "symbol": "K",
              "name": "Keto",
              "equals": "GT"
            }
          ]
        },
        "background": [0.25, 0.25, 0.25, 0.25],
        "query_dbs": [
          {
            "source": "shallow_cnn_filters.meme",
            "name": "shallow_cnn_filters",
            "loaded": 64,
            "excluded": 0,
            "last_modified": "Mon Jun 15 07:42:17 2026"
          }
        ],
        "target_dbs": [
          {
            "source": "db/JASPAR/JASPAR2026_CORE_vertebrates_non-redundant.meme",
            "name": "JASPAR2026_CORE_vertebrates_non-redundant",
            "loaded": 1019,
            "excluded": 0,
            "last_modified": "Sun Dec 14 22:33:58 2025"
          }, {
            "source": "db/EUKARYOTE/jolma2013.meme",
            "name": "jolma2013",
            "loaded": 843,
            "excluded": 0,
            "last_modified": "Sun Dec 14 22:33:53 2025"
          }, {
            "source": "db/MOUSE/uniprobe_mouse.meme",
            "name": "uniprobe_mouse",
            "loaded": 386,
            "excluded": 0,
            "last_modified": "Sun Dec 14 23:18:08 2025"
          }
        ],
        "queries": [
          {
            "db": 0,
            "id": "filter_0",
            "alt": "filter_0",
            "len": 15,
            "nsites": 100,
            "pwm": [
              [0.234734, 0.259519, 0.283144, 0.222602], 
              [0.246592, 0.270921, 0.213221, 0.269266], 
              [0.2316, 0.230166, 0.266386, 0.271848], 
              [0.261397, 0.253688, 0.252728, 0.232187], 
              [0.260338, 0.267979, 0.25611, 0.215573], 
              [0.270833, 0.248645, 0.228044, 0.252478], 
              [0.225484, 0.228858, 0.283143, 0.262515], 
              [0.269045, 0.250629, 0.209108, 0.271218], 
              [0.244344, 0.238068, 0.231928, 0.28566], 
              [0.249947, 0.224727, 0.252572, 0.272753], 
              [0.26419, 0.276598, 0.247542, 0.21167], 
              [0.227138, 0.283747, 0.278949, 0.210167], 
              [0.218148, 0.236927, 0.276749, 0.268175], 
              [0.252116, 0.241219, 0.2665, 0.240166], 
              [0.26371, 0.2355, 0.262206, 0.238583]
            ]
          }, {
            "db": 0,
            "id": "filter_1",
            "alt": "filter_1",
            "len": 15,
            "nsites": 100,
            "pwm": [
              [0.267752, 0.247795, 0.263829, 0.220623], 
              [0.234151, 0.267939, 0.257037, 0.240873], 
              [0.247085, 0.278215, 0.235868, 0.238832], 
              [0.2558, 0.226954, 0.232306, 0.28494], 
              [0.268144, 0.23918, 0.271007, 0.221669], 
              [0.26343, 0.238525, 0.277367, 0.220678], 
              [0.243618, 0.263662, 0.217528, 0.275191], 
              [0.240108, 0.251337, 0.259522, 0.249033], 
              [0.270085, 0.259554, 0.232043, 0.238319], 
              [0.26476, 0.262116, 0.236867, 0.236257], 
              [0.239622, 0.263026, 0.269225, 0.228127], 
              [0.21366, 0.272376, 0.24567, 0.268293], 
              [0.261789, 0.219968, 0.245414, 0.272829], 
              [0.233408, 0.248915, 0.268934, 0.248742], 
              [0.263251, 0.265541, 0.25467, 0.216537]
            ]
          }, {
            "db": 0,
            "id": "filter_10",
            "alt": "filter_10",
            "len": 15,
            "nsites": 100,
            "pwm": [
              [0.248842, 0.259773, 0.267623, 0.223761], 
              [0.256387, 0.253729, 0.258648, 0.231235], 
              [0.217576, 0.237226, 0.268496, 0.276702], 
              [0.258653, 0.245286, 0.255567, 0.240494], 
              [0.246459, 0.265561, 0.223389, 0.264591], 
              [0.239957, 0.264855, 0.270088, 0.225099], 
              [0.268197, 0.242581, 0.238726, 0.250496], 
              [0.263905, 0.242107, 0.277333, 0.216655], 
              [0.237156, 0.260831, 0.241694, 0.260319], 
              [0.258655, 0.219836, 0.246065, 0.275444], 
              [0.234679, 0.253189, 0.244704, 0.267428], 
              [0.267011, 0.225061, 0.261631, 0.246297], 
              [0.248142, 0.275589, 0.240105, 0.236164], 
              [0.227023, 0.230307, 0.289253, 0.253419], 
              [0.279218, 0.260915, 0.223919, 0.235948]
            ]
          }, {
            "db": 0,
            "id": "filter_11",
            "alt": "filter_11",
            "len": 15,
            "nsites": 100,
            "pwm": [
              [0.231689, 0.227367, 0.279163, 0.261781], 
              [0.238675, 0.251378, 0.252573, 0.257373], 
              [0.261896, 0.275912, 0.219832, 0.24236], 
              [0.260254, 0.21951, 0.25244, 0.267796], 
              [0.223881, 0.27451, 0.237833, 0.263775], 
              [0.23644, 0.253083, 0.256789, 0.253688], 
              [0.236436, 0.28638, 0.262695, 0.21449], 
              [0.274383, 0.226673, 0.256844, 0.2421], 
              [0.227853, 0.249021, 0.260801, 0.262326], 
              [0.259519, 0.270106, 0.217302, 0.253073], 
              [0.245851, 0.251906, 0.276007, 0.226236], 
              [0.230517, 0.250364, 0.2605, 0.258618], 
              [0.229316, 0.249721, 0.242403, 0.27856], 
              [0.286486, 0.237803, 0.23765, 0.238062], 
              [0.274983, 0.233053, 0.254479, 0.237486]
            ]
          }, {
            "db": 0,
            "id": "filter_12",
            "alt": "filter_12",
            "len": 15,
            "nsites": 100,
            "pwm": [
              [0.259926, 0.238617, 0.251576, 0.249881], 
              [0.246191, 0.265168, 0.259557, 0.229083], 
              [0.277593, 0.227451, 0.244379, 0.250577], 
              [0.236273, 0.247542, 0.224222, 0.291963], 
              [0.238127, 0.2435, 0.275613, 0.24276], 
              [0.245, 0.244087, 0.267707, 0.243207], 
              [0.281156, 0.256535, 0.22569, 0.236618], 
              [0.204931, 0.255167, 0.250971, 0.28893], 
              [0.252846, 0.231832, 0.269561, 0.245761], 
              [0.231287, 0.270326, 0.247163, 0.251225], 
              [0.276857, 0.272955, 0.222983, 0.227205], 
              [0.241686, 0.244859, 0.243018, 0.270437], 
              [0.252543, 0.252707, 0.259348, 0.235401], 
              [0.282877, 0.251971, 0.234702, 0.23045], 
              [0.233611, 0.282076, 0.247703, 0.236609]
            ]
          }, {
            "db": 0,
            "id": "filter_13",
            "alt": "filter_13",
            "len": 15,
            "nsites": 100,
            "pwm": [
              [0.274304, 0.222213, 0.218457, 0.285027], 
              [0.269856, 0.231132, 0.252531, 0.246481], 
              [0.254442, 0.232818, 0.264315, 0.248427], 
              [0.229831, 0.260616, 0.287169, 0.222385], 
              [0.283222, 0.26456, 0.223691, 0.228526], 
              [0.25181, 0.246572, 0.248909, 0.252709], 
              [0.250906, 0.248081, 0.261643, 0.23937], 
              [0.23558, 0.256199, 0.22839, 0.279831], 
              [0.2307, 0.272889, 0.222436, 0.273975], 
              [0.259811, 0.242654, 0.27159, 0.225944], 
              [0.239583, 0.253235, 0.251972, 0.25521], 
              [0.243062, 0.233044, 0.24945, 0.274445], 
              [0.239075, 0.251067, 0.266387, 0.243471], 
              [0.231733, 0.241734, 0.247297, 0.279236], 
              [0.260059, 0.266786, 0.266991, 0.206164]
            ]
          }, {
            "db": 0,
            "id": "filter_14",
            "alt": "filter_14",
            "len": 15,
            "nsites": 100,
            "pwm": [
              [0.263554, 0.242786, 0.256907, 0.236752], 
              [0.281095, 0.257661, 0.239398, 0.221846], 
              [0.261245, 0.245834, 0.266046, 0.226875], 
              [0.260954, 0.243464, 0.242762, 0.25282], 
              [0.275221, 0.231747, 0.257085, 0.235947], 
              [0.247925, 0.265751, 0.244134, 0.24219], 
              [0.265952, 0.241239, 0.270338, 0.222472], 
              [0.248119, 0.229157, 0.280976, 0.241747], 
              [0.207845, 0.270188, 0.250389, 0.271578], 
              [0.254281, 0.255683, 0.267888, 0.222149], 
              [0.221873, 0.265842, 0.252608, 0.259677], 
              [0.235201, 0.241373, 0.272617, 0.250808], 
              [0.236935, 0.24565, 0.270907, 0.246506], 
              [0.269877, 0.232045, 0.243463, 0.254616], 
              [0.269586, 0.251177, 0.249017, 0.23022]
            ]
          }, {
            "db": 0,
            "id": "filter_15",
            "alt": "filter_15",
            "len": 15,
            "nsites": 100,
            "pwm": [
              [0.229884, 0.27757, 0.27497, 0.217575], 
              [0.2692, 0.249408, 0.224109, 0.257284], 
              [0.266061, 0.236115, 0.265332, 0.232493], 
              [0.257977, 0.223742, 0.260844, 0.257436], 
              [0.224554, 0.250885, 0.246892, 0.277669], 
              [0.253167, 0.248864, 0.245217, 0.252752], 
              [0.24815, 0.266447, 0.214883, 0.27052], 
              [0.2246, 0.280675, 0.267543, 0.227181], 
              [0.274388, 0.213553, 0.252713, 0.259346], 
              [0.277958, 0.245331, 0.256353, 0.220359], 
              [0.221303, 0.269004, 0.250053, 0.259641], 
              [0.258467, 0.241793, 0.242493, 0.257247], 
              [0.264947, 0.277997, 0.236278, 0.220778], 
              [0.237052, 0.233134, 0.266555, 0.263259], 
              [0.247599, 0.238639, 0.253226, 0.260535]
            ]
          }, {
            "db": 0,
            "id": "filter_16",
            "alt": "filter_16",
            "len": 15,
            "nsites": 100,
            "pwm": [
              [0.248097, 0.26851, 0.221739, 0.261653], 
              [0.271433, 0.224687, 0.255691, 0.248189], 
              [0.269936, 0.241352, 0.254089, 0.234624], 
              [0.207918, 0.266695, 0.278544, 0.246842], 
              [0.242925, 0.260101, 0.237944, 0.25903], 
              [0.272802, 0.25318, 0.220002, 0.254016], 
              [0.270437, 0.229515, 0.235374, 0.264674], 
              [0.268852, 0.248445, 0.225064, 0.257638], 
              [0.208927, 0.243076, 0.257707, 0.29029], 
              [0.272904, 0.253368, 0.244037, 0.229691], 
              [0.288428, 0.236026, 0.228977, 0.246569], 
              [0.2389, 0.258428, 0.257653, 0.245019], 
              [0.213165, 0.261749, 0.269056, 0.256029], 
              [0.227049, 0.229106, 0.271106, 0.272739], 
              [0.255912, 0.241832, 0.232318, 0.269937]
            ]
          }, {
            "db": 0,
            "id": "filter_17",
            "alt": "filter_17",
            "len": 15,
            "nsites": 100,
            "pwm": [
              [0.2358, 0.249229, 0.261609, 0.253362], 
              [0.247611, 0.276975, 0.253959, 0.221454], 
              [0.254173, 0.225157, 0.284992, 0.235677], 
              [0.267574, 0.25248, 0.226495, 0.253452], 
              [0.255519, 0.243927, 0.248218, 0.252336], 
              [0.22703, 0.255799, 0.259364, 0.257807], 
              [0.246478, 0.25197, 0.239183, 0.26237], 
              [0.272239, 0.248689, 0.229227, 0.249844], 
              [0.242352, 0.252693, 0.260353, 0.244602], 
              [0.231694, 0.262472, 0.237582, 0.268251], 
              [0.252682, 0.236493, 0.24527, 0.265556], 
              [0.281425, 0.240903, 0.232082, 0.24559], 
              [0.269184, 0.276921, 0.228617, 0.225278], 
              [0.2428, 0.229491, 0.290219, 0.237491], 
              [0.252577, 0.267011, 0.228117, 0.252295]
            ]
          }, {
            "db": 0,
            "id": "filter_18",
            "alt": "filter_18",
            "len": 15,
            "nsites": 100,
            "pwm": [
              [0.239479, 0.247404, 0.240469, 0.27265], 
              [0.257516, 0.234618, 0.271926, 0.23594], 
              [0.244963, 0.234864, 0.26525, 0.254923], 
              [0.247591, 0.274515, 0.263175, 0.214717], 
              [0.258321, 0.255957, 0.213098, 0.272624], 
              [0.227849, 0.255073, 0.263664, 0.253414], 
              [0.265322, 0.252834, 0.247873, 0.233971], 
              [0.219922, 0.261999, 0.234123, 0.283956], 
              [0.260235, 0.255538, 0.238064, 0.246163], 
              [0.240618, 0.265386, 0.270754, 0.223242], 
              [0.240926, 0.256136, 0.247821, 0.255117], 
              [0.242597, 0.261909, 0.232253, 0.263241], 
              [0.257821, 0.258907, 0.261446, 0.221826], 
              [0.263221, 0.235825, 0.257619, 0.243335], 
              [0.239663, 0.243978, 0.241778, 0.274581]
            ]
          }, {
            "db": 0,
            "id": "filter_19",
            "alt": "filter_19",
            "len": 15,
            "nsites": 100,
            "pwm": [
              [0.257913, 0.230798, 0.28679, 0.224499], 
              [0.262139, 0.227946, 0.259249, 0.250666], 
              [0.226944, 0.274182, 0.273824, 0.22505], 
              [0.252408, 0.229545, 0.258645, 0.259402], 
              [0.250995, 0.274651, 0.24002, 0.234335], 
              [0.258108, 0.228684, 0.251773, 0.261435], 
              [0.247744, 0.250134, 0.26438, 0.237742], 
              [0.243981, 0.245037, 0.241841, 0.269142], 
              [0.264639, 0.260053, 0.221318, 0.25399], 
              [0.276064, 0.245042, 0.220146, 0.258748], 
              [0.255984, 0.213243, 0.276192, 0.254582], 
              [0.238704, 0.278321, 0.243759, 0.239217], 
              [0.252106, 0.258335, 0.272539, 0.21702], 
              [0.237526, 0.27202, 0.244399, 0.246055], 
              [0.229674, 0.247268, 0.244069, 0.278989]
            ]
          }, {
            "db": 0,
            "id": "filter_2",
            "alt": "filter_2",
            "len": 15,
            "nsites": 100,
            "pwm": [
              [0.21364, 0.278486, 0.242896, 0.264978], 
              [0.2161, 0.260953, 0.259809, 0.263138], 
              [0.26799, 0.248274, 0.243067, 0.240669], 
              [0.263663, 0.26291, 0.263035, 0.210392], 
              [0.245175, 0.246122, 0.248112, 0.260591], 
              [0.215014, 0.274557, 0.269399, 0.24103], 
              [0.244626, 0.276024, 0.233822, 0.245528], 
              [0.252527, 0.232971, 0.256153, 0.258349], 
              [0.290348, 0.249124, 0.232902, 0.227626], 
              [0.231683, 0.237711, 0.245597, 0.285008], 
              [0.263735, 0.265472, 0.24061, 0.230183], 
              [0.249467, 0.267801, 0.251998, 0.230735], 
              [0.241549, 0.217385, 0.277787, 0.263279], 
              [0.267398, 0.252941, 0.237649, 0.242011], 
              [0.277021, 0.239331, 0.250399, 0.23325]
            ]
          }, {
            "db": 0,
            "id": "filter_20",
            "alt": "filter_20",
            "len": 15,
            "nsites": 100,
            "pwm": [
              [0.25825, 0.249788, 0.251419, 0.240543], 
              [0.248797, 0.258689, 0.267685, 0.224828], 
              [0.23066, 0.229839, 0.280504, 0.258997], 
              [0.270055, 0.273263, 0.225989, 0.230692], 
              [0.247072, 0.25977, 0.254024, 0.239134], 
              [0.223731, 0.263268, 0.264257, 0.248743], 
              [0.232386, 0.268973, 0.239532, 0.259109], 
              [0.264495, 0.210585, 0.277198, 0.247721], 
              [0.276587, 0.228534, 0.248648, 0.246229], 
              [0.224159, 0.274049, 0.246878, 0.254914], 
              [0.249968, 0.23826, 0.262421, 0.249353], 
              [0.246015, 0.252602, 0.235623, 0.265759], 
              [0.280852, 0.225441, 0.257424, 0.236283], 
              [0.263174, 0.267418, 0.240376, 0.229033], 
              [0.241324, 0.284966, 0.246144, 0.227566]
            ]
          }, {
            "db": 0,
            "id": "filter_21",
            "alt": "filter_21",
            "len": 15,
            "nsites": 100,
            "pwm": [
              [0.229701, 0.247987, 0.258156, 0.264157], 
              [0.251991, 0.258478, 0.244018, 0.245513], 
              [0.236671, 0.251122, 0.250607, 0.261599], 
              [0.247167, 0.225256, 0.254223, 0.273356], 
              [0.267245, 0.230784, 0.237111, 0.264859], 
              [0.249561, 0.290452, 0.213202, 0.246785], 
              [0.221077, 0.240714, 0.280918, 0.257291], 
              [0.264123, 0.2423, 0.236129, 0.257449], 
              [0.251011, 0.270818, 0.25575, 0.222421], 
              [0.254359, 0.232452, 0.27955, 0.233639], 
              [0.237315, 0.276315, 0.246846, 0.239524], 
              [0.24348, 0.235069, 0.244306, 0.277146], 
              [0.264887, 0.256536, 0.238833, 0.239743], 
              [0.229974, 0.260852, 0.264942, 0.244231], 
              [0.249514, 0.234866, 0.262364, 0.253257]
            ]
          }, {
            "db": 0,
            "id": "filter_22",
            "alt": "filter_22",
            "len": 15,
            "nsites": 100,
            "pwm": [
              [0.240724, 0.235723, 0.26965, 0.253902], 
              [0.256894, 0.259503, 0.261895, 0.221707], 
              [0.238198, 0.275953, 0.252957, 0.232892], 
              [0.268084, 0.257039, 0.236353, 0.238525], 
              [0.264105, 0.226391, 0.232966, 0.276539], 
              [0.259973, 0.243822, 0.247883, 0.248321], 
              [0.269023, 0.226984, 0.251823, 0.25217], 
              [0.244908, 0.224379, 0.263585, 0.267127], 
              [0.279438, 0.271101, 0.220808, 0.228653], 
              [0.259479, 0.241216, 0.235219, 0.264087], 
              [0.241086, 0.286895, 0.242701, 0.229317], 
              [0.230453, 0.261233, 0.252592, 0.255722], 
              [0.247968, 0.227335, 0.277196, 0.247501], 
              [0.274943, 0.22291, 0.234004, 0.268143], 
              [0.2729, 0.218751, 0.222961, 0.285389]
            ]
          }, {
            "db": 0,
            "id": "filter_23",
            "alt": "filter_23",
            "len": 15,
            "nsites": 100,
            "pwm": [
              [0.246947, 0.264414, 0.254099, 0.23454], 
              [0.225311, 0.272444, 0.254048, 0.248198], 
              [0.221809, 0.251659, 0.268572, 0.257959], 
              [0.234577, 0.245134, 0.284312, 0.235977], 
              [0.260656, 0.245892, 0.250487, 0.242965], 
              [0.262704, 0.262659, 0.243023, 0.231614], 
              [0.261322, 0.257875, 0.23994, 0.240863], 
              [0.250677, 0.23496, 0.258671, 0.255691], 
              [0.263313, 0.230624, 0.256223, 0.249841], 
              [0.221007, 0.274094, 0.229969, 0.27493], 
              [0.283158, 0.24079, 0.24991, 0.226142], 
              [0.238969, 0.256281, 0.236491, 0.26826], 
              [0.232981, 0.218566, 0.281529, 0.266923], 
              [0.264137, 0.274514, 0.222668, 0.23868], 
              [0.271154, 0.224657, 0.270355, 0.233834]
            ]
          }, {
            "db": 0,
            "id": "filter_24",
            "alt": "filter_24",
            "len": 15,
            "nsites": 100,
            "pwm": [
              [0.239179, 0.275845, 0.266933, 0.218042], 
              [0.246185, 0.242503, 0.245664, 0.265647], 
              [0.24954, 0.243911, 0.257694, 0.248854], 
              [0.23461, 0.259145, 0.262844, 0.243401], 
              [0.271271, 0.243949, 0.234422, 0.250359], 
              [0.276667, 0.238889, 0.23722, 0.247224], 
              [0.238013, 0.236357, 0.242129, 0.283501], 
              [0.258209, 0.236196, 0.276764, 0.228831], 
              [0.250278, 0.258851, 0.2338, 0.257071], 
              [0.230483, 0.277184, 0.234307, 0.258027], 
              [0.283027, 0.237654, 0.255619, 0.223699], 
              [0.246804, 0.259678, 0.246841, 0.246676], 
              [0.221262, 0.277774, 0.253875, 0.247089], 
              [0.244835, 0.257277, 0.25081, 0.247078], 
              [0.26399, 0.221949, 0.250793, 0.263268]
            ]
          }, {
            "db": 0,
            "id": "filter_25",
            "alt": "filter_25",
            "len": 15,
            "nsites": 100,
            "pwm": [
              [0.235336, 0.270518, 0.234258, 0.259888], 
              [0.248415, 0.232054, 0.258601, 0.260929], 
              [0.218427, 0.228944, 0.278691, 0.273938], 
              [0.250773, 0.259013, 0.259557, 0.230656], 
              [0.275218, 0.23302, 0.245011, 0.246751], 
              [0.243528, 0.2726, 0.214996, 0.268875], 
              [0.259799, 0.255121, 0.27633, 0.20875], 
              [0.250262, 0.260732, 0.243014, 0.245993], 
              [0.250962, 0.273582, 0.258701, 0.216753], 
              [0.234374, 0.253604, 0.264979, 0.247042], 
              [0.257881, 0.213995, 0.266789, 0.261334], 
              [0.240911, 0.261689, 0.252058, 0.245342], 
              [0.23517, 0.276566, 0.23137, 0.256895], 
              [0.260127, 0.255085, 0.224584, 0.260204], 
              [0.23706, 0.253125, 0.267349, 0.242468]
            ]
          }, {
            "db": 0,
            "id": "filter_26",
            "alt": "filter_26",
            "len": 15,
            "nsites": 100,
            "pwm": [
              [0.234419, 0.25903, 0.259536, 0.247015], 
              [0.264634, 0.249642, 0.267251, 0.218474], 
              [0.255223, 0.221765, 0.252475, 0.270538], 
              [0.235763, 0.250904, 0.270029, 0.243304], 
              [0.267862, 0.231334, 0.219618, 0.281187], 
              [0.238184, 0.274263, 0.238912, 0.248641], 
              [0.281687, 0.244616, 0.241803, 0.231893], 
              [0.239513, 0.247686, 0.25396, 0.25884], 
              [0.246727, 0.245909, 0.244535, 0.262828], 
              [0.259009, 0.265538, 0.245409, 0.230045], 
              [0.251259, 0.243228, 0.270182, 0.235331], 
              [0.247776, 0.237435, 0.241757, 0.273032], 
              [0.268226, 0.279209, 0.233907, 0.218658], 
              [0.227088, 0.239452, 0.273897, 0.259562], 
              [0.257997, 0.254238, 0.227363, 0.260402]
            ]
          }, {
            "db": 0,
            "id": "filter_27",
            "alt": "filter_27",
            "len": 15,
            "nsites": 100,
            "pwm": [
              [0.246636, 0.223767, 0.259272, 0.270325], 
              [0.265241, 0.216524, 0.269544, 0.24869], 
              [0.248834, 0.275318, 0.218836, 0.257013], 
              [0.229069, 0.248399, 0.276465, 0.246068], 
              [0.222106, 0.253164, 0.263501, 0.261229], 
              [0.231891, 0.260743, 0.245423, 0.261942], 
              [0.245799, 0.246837, 0.285091, 0.222273], 
              [0.243015, 0.263558, 0.24321, 0.250218], 
              [0.223602, 0.280102, 0.250927, 0.245368], 
              [0.227531, 0.267724, 0.27351, 0.231233], 
              [0.224782, 0.266187, 0.272673, 0.236358], 
              [0.257017, 0.257746, 0.248196, 0.237041], 
              [0.250799, 0.249332, 0.250743, 0.249126], 
              [0.280574, 0.248349, 0.226437, 0.24464], 
              [0.227108, 0.279055, 0.24039, 0.253447]
            ]
          }, {
            "db": 0,
            "id": "filter_28",
            "alt": "filter_28",
            "len": 15,
            "nsites": 100,
            "pwm": [
              [0.230759, 0.276048, 0.234729, 0.258465], 
              [0.252554, 0.248462, 0.277431, 0.221553], 
              [0.250909, 0.254019, 0.235059, 0.260013], 
              [0.265974, 0.229898, 0.251821, 0.252308], 
              [0.222727, 0.268026, 0.278381, 0.230865], 
              [0.260787, 0.231595, 0.245056, 0.262562], 
              [0.226802, 0.264132, 0.239981, 0.269085], 
              [0.253158, 0.25943, 0.2702, 0.217213], 
              [0.245417, 0.25557, 0.236768, 0.262246], 
              [0.245883, 0.250716, 0.264417, 0.238985], 
              [0.271347, 0.261745, 0.231199, 0.235709], 
              [0.274297, 0.228344, 0.234464, 0.262896], 
              [0.233293, 0.246462, 0.258139, 0.262107], 
              [0.239002, 0.266525, 0.260025, 0.234448], 
              [0.246722, 0.252278, 0.241543, 0.259457]
            ]
          }, {
            "db": 0,
            "id": "filter_29",
            "alt": "filter_29",
            "len": 15,
            "nsites": 100,
            "pwm": [
              [0.233585, 0.256806, 0.257545, 0.252062], 
              [0.241502, 0.282386, 0.22828, 0.247832], 
              [0.247432, 0.27441, 0.236683, 0.241476], 
              [0.220492, 0.267725, 0.264302, 0.247482], 
              [0.239228, 0.233478, 0.257404, 0.269891], 
              [0.226468, 0.271887, 0.25013, 0.251515], 
              [0.248259, 0.261366, 0.244616, 0.245759], 
              [0.251587, 0.237411, 0.254914, 0.256088], 
              [0.247143, 0.245273, 0.252861, 0.254723], 
              [0.230985, 0.258268, 0.231531, 0.279216], 
              [0.24281, 0.254024, 0.244042, 0.259123], 
              [0.254575, 0.253735, 0.252187, 0.239503], 
              [0.224109, 0.277071, 0.27837, 0.220452], 
              [0.279481, 0.221632, 0.263954, 0.234933], 
              [0.220956, 0.244206, 0.246556, 0.288283]
            ]
          }, {
            "db": 0,
            "id": "filter_3",
            "alt": "filter_3",
            "len": 15,
            "nsites": 100,
            "pwm": [
              [0.234173, 0.252264, 0.279413, 0.23415], 
              [0.253468, 0.280188, 0.232506, 0.233839], 
              [0.252884, 0.264888, 0.217421, 0.264807], 
              [0.253261, 0.240197, 0.269893, 0.236649], 
              [0.274711, 0.269223, 0.23062, 0.225445], 
              [0.236157, 0.249156, 0.22464, 0.290048], 
              [0.231111, 0.257617, 0.280774, 0.230498], 
              [0.267891, 0.234439, 0.236414, 0.261257], 
              [0.234075, 0.24437, 0.259192, 0.262364], 
              [0.261891, 0.264108, 0.24712, 0.226881], 
              [0.241606, 0.256598, 0.250374, 0.251422], 
              [0.246266, 0.261371, 0.233885, 0.258479], 
              [0.226909, 0.270304, 0.256585, 0.246202], 
              [0.248063, 0.269764, 0.250414, 0.231759], 
              [0.231945, 0.260777, 0.266397, 0.240881]
            ]
          }, {
            "db": 0,
            "id": "filter_30",
            "alt": "filter_30",
            "len": 15,
            "nsites": 100,
            "pwm": [
              [0.26552, 0.229173, 0.263113, 0.242194], 
              [0.260188, 0.268766, 0.213025, 0.258021], 
              [0.233369, 0.260131, 0.245862, 0.260638], 
              [0.238467, 0.276362, 0.258075, 0.227097], 
              [0.267337, 0.261415, 0.243306, 0.227944], 
              [0.22997, 0.237258, 0.26692, 0.265852], 
              [0.260034, 0.257195, 0.211075, 0.271696], 
              [0.253554, 0.241981, 0.245016, 0.259449], 
              [0.282161, 0.234371, 0.254082, 0.229387], 
              [0.244941, 0.266889, 0.261121, 0.227048], 
              [0.228646, 0.258233, 0.273942, 0.239179], 
              [0.248217, 0.232381, 0.264777, 0.254625], 
              [0.253065, 0.263551, 0.241128, 0.242256], 
              [0.231534, 0.294324, 0.232596, 0.241545], 
              [0.214409, 0.248945, 0.283023, 0.253623]
            ]
          }, {
            "db": 0,
            "id": "filter_31",
            "alt": "filter_31",
            "len": 15,
            "nsites": 100,
            "pwm": [
              [0.227626, 0.2624, 0.266493, 0.243481], 
              [0.25119, 0.261365, 0.251429, 0.236017], 
              [0.234354, 0.247486, 0.27312, 0.24504], 
              [0.239237, 0.271553, 0.231226, 0.257985], 
              [0.230093, 0.251081, 0.262341, 0.256485], 
              [0.246942, 0.256158, 0.241583, 0.255317], 
              [0.259924, 0.230989, 0.259256, 0.249831], 
              [0.231154, 0.274248, 0.238014, 0.256585], 
              [0.227518, 0.218832, 0.262234, 0.291416], 
              [0.268231, 0.278357, 0.214486, 0.238928], 
              [0.243243, 0.249551, 0.241935, 0.265272], 
              [0.270513, 0.263032, 0.254453, 0.212002], 
              [0.256545, 0.236295, 0.272545, 0.234615], 
              [0.269198, 0.267038, 0.230818, 0.232946], 
              [0.242546, 0.252654, 0.234713, 0.270086]
            ]
          }, {
            "db": 0,
            "id": "filter_32",
            "alt": "filter_32",
            "len": 15,
            "nsites": 100,
            "pwm": [
              [0.255647, 0.241114, 0.262473, 0.240767], 
              [0.251004, 0.21862, 0.242411, 0.287965], 
              [0.263427, 0.258362, 0.219779, 0.258432], 
              [0.237121, 0.25145, 0.243324, 0.268107], 
              [0.237456, 0.240066, 0.253918, 0.268559], 
              [0.251204, 0.214855, 0.264671, 0.269269], 
              [0.238644, 0.291902, 0.216417, 0.253038], 
              [0.244208, 0.227586, 0.288929, 0.239277], 
              [0.246695, 0.242237, 0.261615, 0.249452], 
              [0.245984, 0.265999, 0.225449, 0.262568], 
              [0.245095, 0.23987, 0.260631, 0.254404], 
              [0.26341, 0.249674, 0.238083, 0.248833], 
              [0.274681, 0.222295, 0.259368, 0.243656], 
              [0.22578, 0.282125, 0.236168, 0.255928], 
              [0.24614, 0.249852, 0.270359, 0.233649]
            ]
          }, {
            "db": 0,
            "id": "filter_33",
            "alt": "filter_33",
            "len": 15,
            "nsites": 100,
            "pwm": [
              [0.246789, 0.236843, 0.259007, 0.257361], 
              [0.252395, 0.255261, 0.245133, 0.247212], 
              [0.253561, 0.23498, 0.268768, 0.24269], 
              [0.24198, 0.263431, 0.259556, 0.235033], 
              [0.243361, 0.2138, 0.263806, 0.279032], 
              [0.252071, 0.25877, 0.223298, 0.26586], 
              [0.245065, 0.278502, 0.252754, 0.223678], 
              [0.229042, 0.249992, 0.275281, 0.245685], 
              [0.268301, 0.245395, 0.268381, 0.217925], 
              [0.235093, 0.247947, 0.270856, 0.246104], 
              [0.224972, 0.220567, 0.278522, 0.275938], 
              [0.24725, 0.266634, 0.224595, 0.26152], 
              [0.26163, 0.281943, 0.219131, 0.237297], 
              [0.218696, 0.244171, 0.284743, 0.252391], 
              [0.255398, 0.251104, 0.258597, 0.234902]
            ]
          }, {
            "db": 0,
            "id": "filter_34",
            "alt": "filter_34",
            "len": 15,
            "nsites": 100,
            "pwm": [
              [0.239375, 0.265864, 0.242637, 0.252124], 
              [0.259343, 0.244488, 0.224259, 0.271911], 
              [0.23942, 0.238419, 0.281043, 0.241118], 
              [0.244015, 0.257755, 0.256738, 0.241492], 
              [0.272379, 0.252993, 0.234947, 0.239682], 
              [0.279746, 0.278494, 0.229032, 0.212728], 
              [0.227966, 0.247379, 0.223437, 0.301219], 
              [0.25474, 0.232046, 0.266673, 0.246539], 
              [0.262432, 0.255439, 0.235354, 0.246776], 
              [0.253728, 0.27545, 0.237093, 0.233729], 
              [0.278661, 0.248955, 0.219358, 0.253026], 
              [0.25237, 0.239524, 0.271621, 0.236484], 
              [0.262126, 0.227524, 0.239892, 0.270458], 
              [0.265967, 0.223835, 0.272483, 0.237714], 
              [0.255167, 0.228556, 0.230552, 0.285724]
            ]
          }, {
            "db": 0,
            "id": "filter_35",
            "alt": "filter_35",
            "len": 15,
            "nsites": 100,
            "pwm": [
              [0.241997, 0.259789, 0.254428, 0.243786], 
              [0.244635, 0.225971, 0.243697, 0.285696], 
              [0.263795, 0.235386, 0.252775, 0.248044], 
              [0.245684, 0.247607, 0.255684, 0.251024], 
              [0.237666, 0.286181, 0.225682, 0.250471], 
              [0.243352, 0.228515, 0.262706, 0.265427], 
              [0.240314, 0.267545, 0.238716, 0.253424], 
              [0.232498, 0.26221, 0.252315, 0.252978], 
              [0.242885, 0.218893, 0.273648, 0.264573], 
              [0.272651, 0.226327, 0.244242, 0.256779], 
              [0.272375, 0.259281, 0.213175, 0.255171], 
              [0.248111, 0.237486, 0.256254, 0.258149], 
              [0.252029, 0.261702, 0.217202, 0.269068], 
              [0.26899, 0.220538, 0.274669, 0.235801], 
              [0.277734, 0.241075, 0.22476, 0.25643]
            ]
          }, {
            "db": 0,
            "id": "filter_36",
            "alt": "filter_36",
            "len": 15,
            "nsites": 100,
            "pwm": [
              [0.247075, 0.282277, 0.240101, 0.230547], 
              [0.226748, 0.231977, 0.255332, 0.285943], 
              [0.238729, 0.251424, 0.241893, 0.267953], 
              [0.276381, 0.242172, 0.254673, 0.226773], 
              [0.268788, 0.234875, 0.25502, 0.241318], 
              [0.235412, 0.263066, 0.272799, 0.228723], 
              [0.261858, 0.23735, 0.244383, 0.25641], 
              [0.231408, 0.255252, 0.231279, 0.282063], 
              [0.285994, 0.24962, 0.234374, 0.230012], 
              [0.23919, 0.246487, 0.26703, 0.247294], 
              [0.236807, 0.26546, 0.254649, 0.243084], 
              [0.242012, 0.249191, 0.275375, 0.233422], 
              [0.288566, 0.229396, 0.24129, 0.240749], 
              [0.242095, 0.269726, 0.245461, 0.242718], 
              [0.234834, 0.269069, 0.241656, 0.254442]
            ]
          }, {
            "db": 0,
            "id": "filter_37",
            "alt": "filter_37",
            "len": 15,
            "nsites": 100,
            "pwm": [
              [0.270762, 0.238561, 0.249518, 0.241158], 
              [0.254852, 0.257391, 0.228532, 0.259226], 
              [0.232286, 0.282547, 0.230679, 0.254488], 
              [0.251862, 0.210542, 0.265928, 0.271666], 
              [0.258709, 0.258923, 0.235256, 0.247112], 
              [0.260134, 0.260435, 0.260434, 0.218998], 
              [0.259469, 0.2577, 0.261718, 0.221113], 
              [0.220701, 0.277587, 0.234543, 0.267167], 
              [0.251046, 0.247787, 0.265074, 0.236094], 
              [0.246366, 0.235572, 0.261171, 0.256891], 
              [0.243362, 0.284645, 0.24817, 0.223823], 
              [0.256526, 0.22598, 0.268518, 0.248975], 
              [0.266577, 0.25711, 0.24273, 0.233582], 
              [0.265102, 0.214408, 0.265805, 0.254685], 
              [0.255706, 0.260865, 0.233146, 0.250283]
            ]
          }, {
            "db": 0,
            "id": "filter_38",
            "alt": "filter_38",
            "len": 15,
            "nsites": 100,
            "pwm": [
              [0.23701, 0.265215, 0.259766, 0.238009], 
              [0.25759, 0.260508, 0.227633, 0.254267], 
              [0.276444, 0.249506, 0.241069, 0.232981], 
              [0.219866, 0.236618, 0.262191, 0.281326], 
              [0.264038, 0.23284, 0.269656, 0.233465], 
              [0.261861, 0.231172, 0.243874, 0.263092], 
              [0.237367, 0.235726, 0.269393, 0.257514], 
              [0.25206, 0.269125, 0.247708, 0.231107], 
              [0.247959, 0.270963, 0.221546, 0.259532], 
              [0.276561, 0.256433, 0.244032, 0.222973], 
              [0.248548, 0.257424, 0.233786, 0.260242], 
              [0.276288, 0.217498, 0.255837, 0.250378], 
              [0.226042, 0.254533, 0.27215, 0.247275], 
              [0.258038, 0.250102, 0.256456, 0.235405], 
              [0.259287, 0.257976, 0.248403, 0.234335]
            ]
          }, {
            "db": 0,
            "id": "filter_39",
            "alt": "filter_39",
            "len": 15,
            "nsites": 100,
            "pwm": [
              [0.235311, 0.28298, 0.247917, 0.233792], 
              [0.285389, 0.252745, 0.225604, 0.236262], 
              [0.237264, 0.265611, 0.273664, 0.223461], 
              [0.256894, 0.257011, 0.262564, 0.22353], 
              [0.24254, 0.236786, 0.234142, 0.286532], 
              [0.238929, 0.253124, 0.241577, 0.266371], 
              [0.264608, 0.23665, 0.234338, 0.264404], 
              [0.252345, 0.264997, 0.248662, 0.233996], 
              [0.263325, 0.229066, 0.247501, 0.260108], 
              [0.254579, 0.227475, 0.245477, 0.27247], 
              [0.260881, 0.20375, 0.281381, 0.253988], 
              [0.241293, 0.254057, 0.25063, 0.254019], 
              [0.23763, 0.281965, 0.24687, 0.233535], 
              [0.267078, 0.236988, 0.229473, 0.266462], 
              [0.228673, 0.249988, 0.252263, 0.269075]
            ]
          }, {
            "db": 0,
            "id": "filter_4",
            "alt": "filter_4",
            "len": 15,
            "nsites": 100,
            "pwm": [
              [0.279885, 0.277926, 0.2235, 0.218688], 
              [0.231317, 0.243198, 0.270009, 0.255476], 
              [0.245417, 0.251098, 0.230733, 0.272753], 
              [0.252579, 0.213261, 0.2662, 0.26796], 
              [0.251404, 0.233612, 0.253179, 0.261806], 
              [0.237031, 0.275549, 0.248126, 0.239294], 
              [0.241036, 0.243267, 0.263635, 0.252062], 
              [0.268299, 0.261018, 0.254576, 0.216107], 
              [0.235821, 0.250879, 0.266208, 0.247092], 
              [0.241532, 0.254776, 0.258545, 0.245146], 
              [0.244057, 0.222113, 0.246037, 0.287793], 
              [0.264271, 0.236531, 0.234873, 0.264325], 
              [0.267797, 0.281335, 0.203197, 0.247672], 
